Phi =

     5
     0
    -1
     2
     4
    -6


A =

  Columns 1 through 5

   1.333333333333333  -0.333333333333333                   0  -1.000000000000000                   0
  -0.333333333333333   1.866666666666666  -1.000000000000000                   0  -0.333333333333333
                   0  -1.000000000000000   1.450000000000000                   0  -0.250000000000000
  -1.000000000000000                   0                   0   2.000000000000000  -0.500000000000000
                   0  -0.333333333333333  -0.250000000000000  -0.500000000000000   1.416666666666667
                   0                   0                   0  -0.500000000000000  -0.333333333333333

  Column 6

                   0
                   0
                   0
  -0.500000000000000
  -0.333333333333333
   1.333333333333333


node_voltages =

  14.103674330849673
   7.832656454862335
   6.487480413162356
  11.194013622845448
  10.296760576892332
   2.271945252790125
